  	  0      -9.931
      1      -9.931
      2      -9.986
      3      -9.980
      4      -9.983
      5      -9.983
      6      -9.983
      7      -9.993
      8      -9.993
      9      -9.994
      10      -9.994
      11      -9.994
      12      -9.994
      13      -9.997
      14      -9.997
      15      -9.997
      16      -9.997
      17      -9.997
      18      -9.983
      19      -9.995
      20      -9.995
      21      -9.995
      22      -9.995
      23      -9.995
      24      -9.996
      25      -9.996
      26      -9.996
      27      -9.996
      28      -9.996
      29      -9.996
      30      -9.996
      31      -9.996
      32      -9.993
      33      -9.993
      34      -9.994
      35      -9.994
      36      -9.994
      37      -9.994
      38      -9.994
      39      -9.994
      40      -9.994
      41      -9.992
      42      -9.992
      43      -9.992
      44      -9.992
      45      -9.992
      46      -9.992
      47      -9.993
      48      -9.993
      49      -9.993
      50      -9.993
      51      -9.993
      52      -9.993
      53      -9.993
      54      -9.993
      55      -9.998
      56      -9.998
      57      -9.998
      58      -9.998
      59      -9.998
      60      -9.998
      61      -9.998
      62      -9.998
      63      -9.998
      64      -9.998
      65      -9.998
      66      -9.998
      67      -9.998
      68      -9.998
      69      -9.998
      70      -9.998
      71      -9.998
      72      -9.998
      73      -9.998
      74      -9.998
      75      -9.998
      76      -9.998
      77      -9.998
      78      -9.998
      79      -9.998
      80      -9.998
      81      -9.998
      82      -9.991
      83      -9.991
      84      -9.991
      85      -9.991
      86      -9.998
      87      -9.998
      88      -9.998
      89      -9.998
      90      -9.996
      91      -9.996
      92      -9.991
      93      -9.991
      94      -9.991
      95      -9.991
      96      -9.987
      97      -9.994
      98      -9.982
      99      -9.993
     100      -9.993