  	0      -9.895
      1      -9.895
      2      -9.943
      3      -9.928
      4      -9.928
      5      -9.917
      6      -9.936
      7      -9.936
      8      -9.936
      9      -9.936
      10      -9.939
      11      -9.939
      12      -9.939
      13      -9.939
      14      -9.939
      15      -9.939
      16      -9.939
      17      -9.939
      18      -9.939
      19      -9.939
      20      -9.939
      21      -9.935
      22      -9.935
      23      -9.935
      24      -9.935
      25      -9.935
      26      -9.935
      27      -9.935
      28      -9.935
      29      -9.937
      30      -9.937
      31      -9.941
      32      -9.941
      33      -9.941
      34      -9.941
      35      -9.939
      36      -9.938
      37      -9.935
      38      -9.935
      39      -9.935
      40      -9.942
      41      -9.942
      42      -9.910
      43      -9.937
      44      -9.942
      45      -9.942
      46      -9.942
      47      -9.937
      48      -9.937
      49      -9.929
      50      -9.942
      51      -9.935
      52      -9.939
      53      -9.940
      54      -9.942
      55      -9.942
      56      -9.942
      57      -9.942
      58      -9.942
      59      -9.942
      60      -9.942
      61      -9.945
      62      -9.945
      63      -9.945
      64      -9.945
      65      -9.940
      66      -9.940
      67      -9.943
      68      -9.943
      69      -9.935
      70      -9.935
      71      -9.935
      72      -9.940
      73      -9.940
      74      -9.940
      75      -9.940
      76      -9.934
      77      -9.942
      78      -9.942
      79      -9.942
      80      -9.942
      81      -9.942
      82      -9.942
      83      -9.942
      84      -9.944
      85      -9.944
      86      -9.944
      87      -9.944
      88      -9.939
      89      -9.939
      90      -9.939
      91      -9.934
      92      -9.942
      93      -9.942
      94      -9.942
      95      -9.942
      96      -9.942
      97      -9.942
      98      -9.942
      99      -9.942
     100      -9.942