 	 0      -9.748
       1      -9.879
       2      -9.900
       3      -9.900
       4      -9.900
       5      -9.900
       6      -9.900
       7      -9.900
       8      -9.900
       9      -9.900
      10      -9.900
      11      -9.886
      12      -9.885
      13      -9.893
      14      -9.900
      15      -9.900
      16      -9.902
      17      -9.900
      18      -9.892
      19      -9.895
      20      -9.895
      21      -9.896
      22      -9.896
      23      -9.896
      24      -9.896
      25      -9.896
      26      -9.890
      27      -9.902
      28      -9.902
      29      -9.895
      30      -9.894
      31      -9.894
      32      -9.892
      33      -9.892
      34      -9.895
      35      -9.901
      36      -9.901
      37      -9.901
      38      -9.899
      39      -9.899
      40      -9.900
      41      -9.886
      42      -9.900
      43      -9.900
      44      -9.901
      45      -9.901
      46      -9.901
      47      -9.902
      48      -9.902
      49      -9.902
      50      -9.902
      51      -9.902
      52      -9.904
      53      -9.904
      54      -9.897
      55      -9.897
      56      -9.892
      57      -9.902
      58      -9.901
      59      -9.901
      60      -9.900
      61      -9.900
      62      -9.899
      63      -9.899
      64      -9.900
      65      -9.900
      66      -9.897
      67      -9.896
      68      -9.898
      69      -9.898
      70      -9.898
      71      -9.898
      72      -9.898
      73      -9.896
      74      -9.896
      75      -9.901
      76      -9.899
      77      -9.898
      78      -9.898
      79      -9.898
      80      -9.898
      81      -9.901
      82      -9.901
      83      -9.901
      84      -9.901
      85      -9.895
      86      -9.895
      87      -9.895
      88      -9.895
      89      -9.896
      90      -9.903
      91      -9.903
      92      -9.903
      93      -9.903
      94      -9.903
      95      -9.898
      96      -9.898
      97      -9.879
      98      -9.890
      99      -9.900
     100      -9.896